0.31295011029578745
0.5184080684557557
0.42621428961865604
0.5764954662881792
0.35209130425937474
0.014290308579802513
0.8119567686226219
0.5763595425523818
0.10363497608341277
0.24463321547955275
0.3390640753787011
0.8661377052776515
0.09994525578804314
0.6129585653543472
0.0920644176658243
0.7608831790275872
0.3096388673875481
0.8718062313273549
0.5032681382726878
0.6339263184927404
0.44135710154660046
0.16551982797682285
0.1277310939040035
0.8351485342718661
0.8500768507365137
0.40604016836732626
0.24731959658674896
0.8875765311531723
0.561585706891492
0.6848315335810184
0.4445019175764173
0.79042185889557
0.18074612156488
0.6740657547488809
0.5364913537632674
0.5066907755099237
0.6991736285854131
0.22018910758197308
0.5103658565785736
0.9634894230403006
0.46795412921346724
0.5829970194026828
0.3497892234008759
0.14314931584522128
0.851025239797309
0.0233415886759758
0.8939588514622301
0.09329814137890935
0.3248467019293457
0.6925969170406461
0.11940505425445735
0.9340008734725416
0.03998485510237515
0.02700725384056568
0.48526694043539464
0.19009619811549783
0.11023617186583579
0.10004295315593481
0.2326698552351445
0.026853251736611128
0.14491485548205674
0.6358892433345318
0.7788293843623251
0.2170736719854176
0.7899295000825077
0.637192809022963
0.5965069204103202
0.9177639610134065
0.2932738133240491
0.8301911856979132
0.21944179176352918
0.5845031612552702
0.36055640154518187
0.38034996669739485
0.26438495400361717
0.6016308437101543
0.8161946174222976
0.5816328227519989
0.6103592438157648
0.4563804087229073
0.8358974701259285
0.4725293340161443
0.12577119539491832
0.535082699265331
0.7660625979769975
0.581965634599328
0.5839994193520397
0.8695649267174304
0.795712303603068
0.2582228695973754
0.6580845441203564
0.4118699091486633
0.9965936515945941
0.28398846462368965
0.13514571986161172
0.665420622099191
0.4970676286611706
0.7306652078405023
0.7411486848723143
0.7507550618611276
0.8054123662877828
0.2550631444901228
0.21665039448998868
0.23395642125979066
0.5481654258910567
0.29159928392618895
0.5341452124994248
0.2959035779349506
0.1391301464755088
0.8431301191449165
0.3976376650389284
0.07046689512208104
0.14467105478979647
0.8235419588163495
0.4150667570065707
0.22977433493360877
0.3609233379829675
0.15522407181560993
0.5842068509664387
0.14467288414016366
0.8685413787607104
0.074549644254148
0.9826701085548848
0.19851029245182872
0.5806113530416042
0.34848954901099205
0.8026354943867773
0.08236212329939008
0.04935289011336863
0.3554839277639985
0.12092934246174991
0.149829117115587
0.5472347952891141
0.23369658552110195
0.045082485070452094
0.15952986711636186
0.6881298350635916
0.5497771976515651
0.12598894420079887
0.9834138075821102
0.10413358476944268
0.1912563294172287
0.1777911854442209
0.10901951463893056
0.9436723387334496
0.43569826800376177
0.8956169344019145
0.013803319539874792
0.20652508293278515
0.39973666705191135
0.9117925555910915
0.7396632344461977
0.18138453015126288
0.32111800368875265
0.18115799385122955
0.24578319070860744
0.5015822176355869
0.376877848058939
0.8361082782503217
0.367922589648515
0.5846026672516018
0.9907749453559518
0.9019865884911269
0.46227616583928466
0.4710116081405431
0.8331081103533506
0.5134538838174194
0.062029162887483835
0.3284232618752867
0.9660409344360232
0.5224600944202393
0.12473282171413302
0.1361316901165992
0.8375593051314354
0.6384418753441423
0.6986251813359559
0.31603120476938784
0.07718673814088106
0.49137192289344966
0.0860221921466291
0.32545084063895047
0.2965825218707323
0.2582848535384983
0.8319041416980326
0.47752789058722556
0.3481476744636893
0.7439046453218907
0.11582239298149943
0.5047455031890422
0.7447637133300304
0.055998641764745116
0.3752514352090657
0.6312593428883702
0.1937892371788621
0.2660831182729453
0.2385112470947206
0.16963831265456975
0.44843932054936886
0.6961054110433906
0.0953849726356566
0.907644339138642
0.9296727208420634
0.7217276084702462
0.8835569093935192
0.8006762203294784
0.8217118978500366
0.23283680505119264
0.9189958092756569
0.7355025357101113
0.5943208457902074
0.14190691779367626
0.8484084918163717
0.38090861891396344
0.1549657378345728
0.580837065121159
0.05188876995816827
0.3908825928810984
0.08398338314145803
0.6768915082793683
0.07388668833300471
0.4759654675144702
0.6558824963867664
0.04836615524254739
0.9106230740435421
0.10839029983617365
0.5999027797952294
0.4106066271197051
0.23207439994439483
0.876635416643694
0.8029568176716566
0.9330028870608658
0.8666529604233801
0.7550166996661574
0.40807978343218565
0.23758543166331947
0.12670735968276858
0.8039439332205802
0.01151195913553238
0.17984804487787187
0.8029683125205338
0.06646621436811984
0.9115390675142407
0.8024221144150943
0.9060647576116025
0.6767314255703241
0.6122154165059328
0.10222751065157354
0.4832352832891047
0.4459847698453814
0.03509485628455877
0.5017250280361623
0.08835986582562327
0.4417313684243709
0.14209454879164696
0.16489538899622858
0.7334369202144444
0.3256879209075123
0.9226165497675538
0.5485698103439063
0.39963066345080733
0.466148427920416
0.9480522032827139
0.8297371321823448
0.43601379031315446
0.09038897627033293
0.9467943487688899
0.09945250931195915
0.4241304616443813
0.9927365866024047
0.10288234055042267
0.46397266513668
0.33650460513308644
0.5639271235559136
0.03140487987548113
0.44374270807020366
0.06721852859482169
0.15737726842053235
0.6337856594473124
0.310859510442242
0.6626868457533419
0.057995554292574525
0.28607682045549154
0.25563664990477264
0.8307507145218551
0.5691574637312442
0.06338522210717201
0.5228959133382887
0.5562173877842724
0.9834695889148861
0.9535565236583352
0.9086103632580489
0.9009700766764581
0.4529478542972356
0.2632420789450407
0.25752396672032773
0.31677312636747956
0.024234801763668656
0.6694736434146762
0.8523727867286652
0.04889750434085727
0.35448093828745186
0.6198708936572075
0.835332736140117
0.45869160117581487
0.8735151460859925
0.03460675943642855
0.052318894071504474
0.3432223438285291
0.4079291552770883
0.5132555682212114
0.9607613848056644
0.5801116214133799
0.5327010790351778
0.49964900221675634
0.4914828191976994
0.6756930234842002
0.16598301124759018
0.1078648678958416
0.00530229858122766
0.04461389081552625
0.17267768667079508
0.5624736780300736
0.7349909811746329
0.09900767868384719
0.9924292035866529
0.45616804622113705
0.3532042109873146
0.47536163264885545
0.5576528089586645
0.2778998939320445
0.5570152092259377
0.9772047768346965
0.01722874608822167
0.9146504700183868
0.809675328200683
0.06174121471121907
0.0314851647708565
0.079958182759583
0.6302258677314967
0.9485537423752248
0.6540950939524919
0.87232924439013
0.07158645405434072
0.6785027743317187
0.06651247688569129
0.9166561281308532
0.2777449812274426
0.7009455817751586
0.6805722687859088
0.7917688377201557
0.26067411503754556
0.8174008433707058
0.3748795969877392
0.6972439894452691
0.28759935940615833
0.5597835085354745
0.8806129836011678
0.5625967066735029
0.5192436852958053
0.3313349732197821
0.5823666306678206
0.051980326883494854
0.7896737221162766
0.8883735681883991
0.24965676781721413
0.16751892119646072
0.6683725116308779
0.9909903598017991
0.4647170624230057
0.4043976264074445
0.19516382436268032
0.3008152632974088
0.7622080922592431
0.6608357895165682
0.9286130385007709
0.8539784685708582
0.7464658806566149
0.35606792476028204
0.19852958130650222
0.6873921784572303
0.7019144941587001
0.45945748314261436
0.7031959330197424
0.4464776595123112
0.4622677026782185
0.3838684344664216
0.8419481932651252
0.05246260529384017
0.5541447021532804
0.9464196618646383
0.4237332099583
0.7573738121427596
0.8807248997036368
0.8497471688315272
0.6422672707121819
0.1648501674644649
0.46106676128692925
0.38689909875392914
0.4584213567432016
0.04490095051005483
0.9907157218549401
0.322988566942513
0.7804579592775553
0.02073444565758109
0.23922615800984204
0.15672930516302586
0.08274445845745504
0.4557818681932986
0.5502224231604487
0.21497911866754293
0.35356806474737823
0.1190416025929153
0.959623945178464
0.28341615572571754
0.5126773228403181
0.4568687533028424
0.6976593865547329
0.7264729896560311
0.6891751780640334
0.5493350080214441
0.09029486705549061
0.29965351335704327
0.00038860528729856014
0.07928381348028779
0.12570124887861311
0.10735764633864164
0.7223398003261536
0.892205863725394
0.20138548430986702
0.4093388542532921
0.9924439338501543
0.9750599008984864
0.8176110258791596
0.22891948092728853
0.4350584677886218
0.9321638285182416
0.2327322990167886
0.9660888928920031
0.35050903423689306
0.2862811372615397
0.3460682372096926
0.46860943641513586
0.35821687686257064
0.18302764324471354
0.32393987965770066
0.26425520703196526
0.6345528548117727
0.3267235388047993
0.7344970314297825
0.9073086315765977
0.13604300911538303
0.22581575578078628
0.2069589861202985
0.6424398627132177
0.44855069159530103
0.0759956412948668
0.8808943110052496
0.8390939859673381
0.15306025627069175
0.8591369460336864
0.16116469469852746
0.8995110392570496
0.8486873132642359
0.4861791250295937
0.5441578573081642
0.5935038449242711
0.22354054520837963
0.06208095094189048
0.5309345230925828
0.023118654265999794
0.814060086151585
0.6009694398380816
0.8929144556168467
0.6703036045655608
0.34345746296457946
0.7696090894751251
0.8057265554089099
0.2307099886238575
0.7798820992466062
0.48731643008068204
0.6168480201158673
0.18675133679062128
0.5049393817316741
0.46044488763436675
0.26265756716020405
0.32304531149566174
0.2331852891948074
0.9795649596489966
0.6005277188960463
0.6373634142801166
0.5732225838582963
0.5574647034518421
0.17158115026541054
0.35021350532770157
0.37102356529794633
0.23609553696587682
0.15973609895445406
0.9661801354959607
0.22610438684932888
0.6405883519910276
0.5626658380497247
0.5901476908475161
0.8211759345140308
0.10846493998542428
0.8402972111944109
0.9515313496813178
0.9558962683659047
0.4721697303466499
0.5564732302445918
0.8396408520638943
0.42534962645731866
0.32304684119299054
0.7794047354254872
0.9033020818606019
0.13387699122540653
0.8348874426446855
0.25653611798770726
0.017861461266875267
0.0848832183983177
0.47517243260517716
0.6294501053635031
0.6726981578394771
0.1372457284014672
0.18213542504236102
0.20443660882301629
0.08236910402774811
0.6689497602637857
0.8357710507698357
0.044350633630529046
0.9745118292048573
0.5385751880239695
0.10091357072815299
0.39738425170071423
0.25763010419905186
0.9852598996367306
0.9705108017660677
0.7283776367548853
0.021887398324906826
0.3577647383790463
0.587218354921788
0.8682941619772464
0.5760331489145756
0.81326500675641
0.17143918620422482
0.04748456017114222
0.47358684334903955
0.3764935329090804
0.13393345987424254
0.8283651464153081
0.7314049135893583
0.9998602995183319
0.7011237242259085
0.20313510322012007
0.6937554432079196
0.5151736352127045
0.6312203998677433
0.3721578281838447
0.24502568691968918
0.617587968474254
0.8492925805039704
0.9686313441488892
0.324187402613461
0.2724031440448016
0.07940914621576667
0.7451727718580514
0.9441449958831072
0.1853403018321842
0.801975189242512
0.9879418651107699
0.16909147705882788
0.22691931831650436
0.11438875226303935
0.17392860841937363
0.7529972307384014
0.9515628104563802
0.3231428791768849
0.6370298771653324
0.39235659781843424
0.6020517020951957
0.34549797838553786
0.25854016025550663
0.7963172700256109
0.23995735286734998
0.24884949857369065
0.4476813452783972
0.027317496947944164
0.8926752496045083
0.5059159169904888
0.9277965661603957
0.8153561055660248
0.8576852602418512
0.7938720402307808
0.09383311332203448
0.7990203322842717
0.5546634502243251
0.4155526175163686
0.9567394063342363
0.896396467462182
0.5660704614128917
0.670851266477257
0.9404010290745646
0.25898831244558096
0.7568414534907788
0.756439711432904
0.046740827383473516
0.5117684490978718
0.6138026078697294
0.021932334173470736
0.1546080692205578
0.23248732183128595
0.19543919409625232
0.6606210372410715
0.4680816673208028
0.873365132138133
0.332640198757872
0.16290541971102357
0.3798124643508345
0.5782915456220508
0.9710445168893784
0.11054326547309756
0.26502958056516945
0.5986582115292549
0.7956137058790773
0.13984634401276708
0.9718358239624649
0.26094909477978945
0.5280563018750399
0.15194652369245887
0.023417162941768765
0.6892136204987764
0.5377286986913532
0.09825719753280282
0.7977912614587694
0.7355476310476661
0.6566375892143697
0.9192550214938819
0.20072007668204606
0.8217071555554867
0.33916896930895746
0.46470696525648236
0.5974115191493183
0.6449799919500947
0.5571687042247504
0.47346767550334334
0.018635175423696637
0.9514401014894247
0.0709996575023979
0.9409721517004073
0.9068770932499319
0.8297098157927394
0.967200382379815
0.45254873437806964
0.9181586292106658
0.22835485637187958
0.6033703756984323
0.3106774059124291
0.5451443588826805
0.6500371666625142
0.3509068943094462
0.5343184038065374
0.5771640494931489
0.22555055655539036
0.7762183339800686
0.05843614647164941
0.6627736950758845
0.6208641594275832
0.1510391707997769
0.7118434715084732
0.49048061412759125
0.4802987016737461
0.4324714650865644
0.8014911864884198
0.353257609764114
0.3589605847373605
0.10337792779318988
0.3813279322348535
0.11247119237668812
0.3475587796419859
0.5137515494134277
0.5338553586043417
0.8268488647881895
0.84272953402251
0.6136867913883179
0.242503612767905
0.5621104699093848
0.16599389165639877
0.21857734001241624
0.6829521399922669
0.1468886008951813
0.984473024494946
0.1971654228400439
0.011520796921104193
0.8905630738008767
0.7364863771945238
0.22306768759153783
0.9787562773562968
0.5286344627384096
0.5151576241478324
0.9804026435595006
0.9463388505391777
0.9112616975326091
0.11315343901515007
0.9641446655150503
0.13543441193178296
0.20058872387744486
0.1816800767555833
0.2658295601140708
0.18461684649810195
0.5924852259922773
0.7068627681583166
0.9852366948034614
0.345485704485327
0.8283264117781073
0.25663292687386274
0.1586726892273873
0.8941041897051036
0.012436860473826528
0.7012481689453125
0.34448166913352907
0.5863824603147805
0.5008234328124672
0.3605701448395848
0.256407082779333
0.23553124209865928
0.8768222436774522
0.7812251839786768
0.08543007983826101
0.7397107542492449
0.27928469725884497
0.5967727517709136
0.40070945280604064
0.13799994764849544
0.5989275847095996
0.17400671914219856
0.7702481409069151
0.5228110556490719
0.30847224430181086
0.9985144445672631
0.49191129649989307
0.8868744573555887
0.9421977840829641
0.0026186686009168625
0.07542091398499906
0.23291885340586305
0.4905333670321852
0.28882722090929747
0.3659520212095231
0.5241717542521656
0.22531455871649086
0.9519155398011208
0.4499554333742708
0.30380528094246984
0.7213287374470383
0.9527670042589307
0.7338320694398135
0.06145227840170264
0.08977456693537533
0.2470960784703493
0.8360838310327381
0.6749177412129939
0.6892605314496905
0.6221792688593268
0.18356604385189712
0.5052105518989265
0.8299675334710628
0.9447188936173916
0.45246646157465875
0.9730205317027867
0.23660055384971201
0.7729646647349
0.24463583226315677
0.6947658038698137
0.2857543744612485
0.5362180825322866
0.6398950272705406
0.5063354694284499
0.28331836336292326
0.7348446426913142
0.5149437326472253
0.9526525954715908
0.29754532244987786
0.8639188557863235
0.7694957030471414
0.07118251593783498
0.3134093976113945
0.01362707931548357
0.8502655781339854
0.5475114448927343
0.7238780513871461
0.34955316223204136
0.21343226148746908
0.5711204023100436
0.4237230981234461
0.9259719019755721
0.61620386200957
0.9694794523529708
0.0214958016294986
0.5352753140032291
0.37810919783078134
0.4485872541554272
0.9352910353336483
0.5466567138209939
0.0026408627163618803
0.018080925103276968
0.3879255049396306
0.937177611514926
0.799874854972586
0.9290412166155875
0.5671550335828215
0.968342418782413
0.40069176885299385
0.7026180024258792
0.4665559094864875
0.21130596846342087
0.303224548464641
0.0776010793633759
0.1726952961180359
0.8738388465717435
0.8421578041743487
0.9550612806342542
0.6142157048452646
0.6321755368262529
0.22150369151495397
0.6681869016028941
0.03845853009261191
0.4208703776821494
0.5014793525915593
0.15544043807312846
0.7312516469974071
0.8837863318622112
0.6801109199877828
0.8651606370694935
0.7454860715661198
0.43934156838804483
0.2601890831720084
0.46973486011847854
0.6541066833306104
0.1631388571113348
0.9422012174036354
0.7174667590297759
0.5931420105043799
0.9411027757450938
0.33386507513932884
0.00026426417753100395
0.11039807763881981
0.5962497293949127
0.8168890399392694
0.4652728852815926
0.5854413157794625
0.9422157825902104
0.9615839428734034
0.7485793246887624
0.23649553512223065
0.966667303815484
0.12995144142769277
0.6591104031540453
0.9798779601696879
0.5977194225415587
0.15787396091036499
0.39085229812189937
0.6575993273872882
0.7564872987568378
0.25703119835816324
0.09151509450748563
0.3987530453596264
0.6488952049985528
0.5271681889425963
0.8657676479779184
0.13031841744668782
0.4998684208840132
0.7193399348761886
0.541167760733515
0.5030029269400984
0.18303294014185667
0.14075759681873024
0.774912669789046
0.7477485847193748
0.4490479901432991
0.8418612477835268
0.3295348477549851
0.22852733940817416
0.7056963639333844
0.47624418954364955
0.5956681161187589
0.7070505500305444
0.5528575647622347
0.4740538315381855
0.6900090710259974
0.585017521167174
0.5254887631163001
0.4194941322784871
0.7065988215617836
0.639528100611642
0.747738566249609
0.7730546032544225
0.9495500405319035
0.01728433952666819
0.4513186002150178
0.32909087534062564
0.22534432774409652
0.5032062151003629
0.5612579043954611
0.049381827702745795
0.522824885789305
0.3290864157024771
0.8021651385352015
0.16328827920369804
0.6590095083229244
0.037909188540652394
0.028123602271080017
0.675138242309913
0.7188488808460534
0.169458249816671
0.7293440671637654
0.6694637394975871
0.3670551939867437
0.7828387573827058
0.9187004212290049
0.05471418215893209
0.36012606928125024
0.08153834589757025
0.8512731259688735
0.6360713120084256
0.836688797455281
0.6566522244829684
0.2800254859030247
0.6579907049890608
0.21428988920524716
0.11389733687974513
0.20073773059993982
0.20709483767859638
0.7707549384795129
0.10004058410413563
0.2893239092081785
0.11604271619580686
0.2382437982596457
0.994366109604016
0.48465659748762846
0.25900106760673225
0.988126068841666
0.7808066469151527
0.42002441734075546
0.3793420938309282
0.6348018986172974
0.866363929817453
0.6563473688438535
0.840192788047716
0.13659309735521674
0.8614431649912149
0.9202749747782946
0.9384608136024326
0.7218295619823039
0.5877265671733767
0.8002922376617789
0.6729619454126805
0.21825601486489177
0.8292109568137676
0.6039584092795849
0.10727407387457788
0.6138840545900166
0.5920344202313572
0.3294035727158189
0.7179427712690085
0.9274145192466676
0.888717032270506
0.9542080368846655
0.36866342066787183
0.7163551622070372
0.31244064145721495
0.4947895435616374
0.8010649073403329
0.8009586404077709
0.9169927176553756
0.5394232869148254
0.7827198726590723
0.03210581513121724
0.1679992622230202
0.20801974553614855
0.30300653050653636
0.18125936528667808
0.9810717806685716
0.7417853269726038
0.45744704618118703
0.28061271319165826
0.11249331780709326
0.17589082475751638
0.9111474778037518
0.9915592628531158
0.4180685554165393
0.7982726879417896
0.0819642802234739
0.8296069507487118
0.7457629723940045
0.34769210312515497
0.43402237142436206
0.3238631091080606
0.4777560674119741
0.154176888987422
0.5222097614314407
0.4392146416939795
